

 Treatment 1 (N=217) 
 Note: There were 12 individuals with no observed data. 
---------------------------------------------------------------------------------- 
 Number    Number                                                    Sub-total 
 Observed  Missing       Pattern             Count   Percent      Count   Percent 
---------------------------------------------------------------------------------- 
 Monotone 
    6         0          ******                 52     23.96
    5         1          *****-                 12      5.53
    4         2          ****--                  7      3.23
    3         3          ***---                  8      3.69
    2         4          **----                  8      3.69
    1         5          *-----                 14      6.45
    0         6          ------                 12      5.53        113     52.07
 Non-monotone 
    5         1          -*****                  4      1.84
    5         1          *-****                  1      0.46
    5         1          **-***                  7      3.23
    5         1          ***-**                  8      3.69
    5         1          ****-*                  4      1.84         24     11.06

    4         2          --****                  1      0.46
    4         2          *--***                  2      0.92
    4         2          -**-**                  3      1.38
    4         2          *-*-**                  4      1.84
    4         2          -***-*                  8      3.69
    4         2          *-**-*                  1      0.46
    4         2          **-*-*                  2      0.92
    4         2          ***--*                  2      0.92
    4         2          *-***-                  1      0.46
    4         2          **-**-                  2      0.92
    4         2          ***-*-                  6      2.76         32     14.75

    3         3          ---***                  2      0.92
    3         3          -*--**                  1      0.46
    3         3          -**--*                  1      0.46
    3         3          **---*                  1      0.46
    3         3          *--**-                  2      0.92
    3         3          -**-*-                  1      0.46
    3         3          *-*-*-                  1      0.46
    3         3          **--*-                  4      1.84
    3         3          -***--                  2      0.92
    3         3          *-**--                  1      0.46
    3         3          **-*--                  6      2.76         22     10.14

    2         4          -*---*                  3      1.38
    2         4          ---**-                  4      1.84
    2         4          --*-*-                  3      1.38
    2         4          -*--*-                  2      0.92
    2         4          -**---                  1      0.46         13      5.99

    1         5          ----*-                  8      3.69
    1         5          ---*--                  1      0.46
    1         5          -*----                  4      1.84         13      5.99
---------------------------------------------------------------------------------- 

