

 Treatment 1 (N=230) 
 Note: There were 12 individuals with no observed data. 
---------------------------------------------------------------------------------- 
 Number    Number                                                    Sub-total 
 Observed  Missing       Pattern             Count   Percent      Count   Percent 
---------------------------------------------------------------------------------- 
 Monotone 
   10         0          **********             21      9.13
    9         1          *********-              1      0.43
    8         2          ********--              1      0.43
    7         3          *******---              1      0.43
    6         4          ******----              3      1.30
    5         5          *****-----              1      0.43
    4         6          ****------              2      0.87
    3         7          ***-------              4      1.74
    2         8          **--------              9      3.91
    1         9          *---------              6      2.61
    0        10          ----------             12      5.22         61     26.52
 Non-monotone 
    9         1          -*********              2      0.87
    9         1          ****-*****              1      0.43
    9         1          *****-****              5      2.17
    9         1          ******-***              3      1.30
    9         1          ********-*              3      1.30         14      6.09

    8         2          *-*-******              1      0.43
    8         2          *-***-****              2      0.87
    8         2          ****--****              2      0.87
    8         2          -*****-***              1      0.43
    8         2          -******-**              1      0.43
    8         2          ****-**-**              1      0.43
    8         2          ******--**              1      0.43
    8         2          ******-*-*              1      0.43
    8         2          **-******-              2      0.87
    8         2          ***-*****-              3      1.30
    8         2          ****-****-              1      0.43
    8         2          *****-***-              1      0.43         17      7.39

    7         3          ***--*-***              1      0.43
    7         3          --*****-**              1      0.43
    7         3          ***--**-**              1      0.43
    7         3          ***-*-*-**              2      0.87
    7         3          ****--*-**              3      1.30
    7         3          -***-***-*              2      0.87
    7         3          *-**-***-*              3      1.30
    7         3          -****-**-*              1      0.43
    7         3          **-****--*              3      1.30
    7         3          -*****-**-              2      0.87
    7         3          ***-**-**-              1      0.43
    7         3          *****--**-              3      1.30
    7         3          *-*****-*-              3      1.30
    7         3          *****-**--              2      0.87
    7         3          ******-*--              2      0.87         30     13.04

    6         4          -*---*****              2      0.87
    6         4          --*-*-****              1      0.43
    6         4          **-*--*-**              2      0.87
    6         4          *--**-**-*              2      0.87
    6         4          --****-*-*              2      0.87
    6         4          ***-*--*-*              1      0.43
    6         4          *-*-***--*              2      0.87
    6         4          *****----*              1      0.43
    6         4          -**-**-**-              2      0.87
    6         4          ***-*--**-              2      0.87
    6         4          **-***--*-              1      0.43
    6         4          ****--**--              1      0.43
    6         4          ***-**-*--              3      1.30
    6         4          ****-*-*--              1      0.43         23     10.00

    5         5          -*----****              1      0.43
    5         5          ---**-*-**              1      0.43
    5         5          **---*-*-*              1      0.43
    5         5          -***-*---*              1      0.43
    5         5          ---****-*-              3      1.30
    5         5          ****----*-              1      0.43
    5         5          -***-*-*--              1      0.43
    5         5          *-**-*-*--              1      0.43
    5         5          ***-*--*--              1      0.43
    5         5          ****---*--              2      0.87
    5         5          ****--*---              2      0.87
    5         5          **-***----              2      0.87         17      7.39

    4         6          ---**--*-*              1      0.43
    4         6          *--*---*-*              1      0.43
    4         6          *--**----*              2      0.87
    4         6          **--*----*              3      1.30
    4         6          ***------*              2      0.87
    4         6          ---**--**-              3      1.30
    4         6          -**-*--*--              3      1.30
    4         6          **---**---              2      0.87
    4         6          *-**-*----              2      0.87
    4         6          **-*-*----              2      0.87
    4         6          ***-*-----              2      0.87         23     10.00

    3         7          --**-----*              1      0.43
    3         7          **-------*              1      0.43
    3         7          ----*-*-*-              5      2.17
    3         7          *-----**--              4      1.74
    3         7          **-*------              1      0.43         12      5.22

    2         8          --------**              2      0.87
    2         8          ------*-*-              5      2.17
    2         8          --*-----*-              1      0.43
    2         8          *-------*-              1      0.43
    2         8          *----*----              2      0.87
    2         8          ---**-----              1      0.43
    2         8          --*-*-----              1      0.43
    2         8          -*--*-----              3      1.30
    2         8          *---*-----              1      0.43         17      7.39

    1         9          ---------*              2      0.87
    1         9          --------*-              1      0.43
    1         9          -------*--              2      0.87
    1         9          ------*---              1      0.43
    1         9          ----*-----              3      1.30
    1         9          ---*------              2      0.87
    1         9          -*--------              5      2.17         16      6.96
---------------------------------------------------------------------------------- 

