

 Treatment 2 (N=233) 
 Note: There were 3 individuals with no observed data. 
---------------------------------------------------------------------------------- 
 Number    Number                                                    Sub-total 
 Observed  Missing       Pattern             Count   Percent      Count   Percent 
---------------------------------------------------------------------------------- 
 Monotone 
   10         0          **********             44     18.88
    9         1          *********-              5      2.15
    8         2          ********--              4      1.72
    6         4          ******----              1      0.43
    5         5          *****-----              1      0.43
    4         6          ****------              1      0.43
    2         8          **--------              8      3.43
    1         9          *---------              3      1.29
    0        10          ----------              3      1.29         70     30.04
 Non-monotone 
    9         1          -*********              5      2.15
    9         1          *-********              5      2.15
    9         1          ***-******              2      0.86
    9         1          ****-*****              8      3.43
    9         1          ******-***              3      1.29
    9         1          ********-*              3      1.29         26     11.16

    8         2          --********              1      0.43
    8         2          -*-*******              1      0.43
    8         2          -**-******              2      0.86
    8         2          *-*-******              1      0.43
    8         2          **--******              2      0.86
    8         2          -***-*****              1      0.43
    8         2          ***--*****              3      1.29
    8         2          *****--***              1      0.43
    8         2          ******-*-*              3      1.29
    8         2          -********-              3      1.29
    8         2          **-******-              1      0.43
    8         2          ***-*****-              1      0.43
    8         2          *****-***-              6      2.58
    8         2          ******-**-              2      0.86
    8         2          *******-*-              1      0.43         29     12.45

    7         3          *---******              4      1.72
    7         3          **---*****              1      0.43
    7         3          -***-***-*              3      1.29
    7         3          **-*-***-*              1      0.43
    7         3          ***-*-**-*              1      0.43
    7         3          ***-**-*-*              1      0.43
    7         3          ******---*              1      0.43
    7         3          ****--***-              1      0.43
    7         3          *-*****-*-              2      0.86
    7         3          ***-***-*-              3      1.29
    7         3          -*******--              1      0.43
    7         3          ******-*--              2      0.86         21      9.01

    6         4          **---**-**              2      0.86
    6         4          ***-*---**              4      1.72
    6         4          ****----**              1      0.43
    6         4          -****--*-*              1      0.43
    6         4          ****-*--*-              2      0.86
    6         4          -*-*****--              1      0.43
    6         4          **-***-*--              1      0.43
    6         4          ****-*-*--              1      0.43
    6         4          ***-***---              3      1.29         16      6.87

    5         5          *---*--***              1      0.43
    5         5          **---*--**              1      0.43
    5         5          -**---**-*              1      0.43
    5         5          ***----*-*              2      0.86
    5         5          **-*-*---*              1      0.43
    5         5          ****----*-              2      0.86
    5         5          -**-*-**--              1      0.43
    5         5          ***---**--              1      0.43
    5         5          *--****---              1      0.43
    5         5          ****--*---              3      1.29
    5         5          -*****----              1      0.43         15      6.44

    4         6          *------***              2      0.86
    4         6          -*---*-*-*              1      0.43
    4         6          *----**--*              1      0.43
    4         6          **-----**-              1      0.43
    4         6          *-*---**--              1      0.43
    4         6          -*--**-*--              1      0.43
    4         6          **-*--*---              1      0.43
    4         6          **--**----              3      1.29
    4         6          -***-*----              3      1.29
    4         6          ***--*----              2      0.86
    4         6          -****-----              2      0.86         18      7.73

    3         7          ----*-*--*              2      0.86
    3         7          ---*---**-              3      1.29
    3         7          *--*----*-              1      0.43          6      2.58

    2         8          --*-----*-              3      1.29
    2         8          *-------*-              3      1.29
    2         8          *------*--              2      0.86
    2         8          *---*-----              3      1.29
    2         8          --**------              2      0.86
    2         8          -*-*------              1      0.43
    2         8          -**-------              1      0.43
    2         8          *-*-------              2      0.86         17      7.30

    1         9          ---------*              1      0.43
    1         9          --------*-              2      0.86
    1         9          -------*--              2      0.86
    1         9          ---*------              8      3.43
    1         9          --*-------              1      0.43
    1         9          -*--------              1      0.43         15      6.44
---------------------------------------------------------------------------------- 

